     
  +-------------------------+
 |
0  | 11111111111111111111111 |
1  | 11111111111111111111111 |
2  | 11111111001111111111111 |
3  | 11111110001111111111111 |
4  | 11110000000111111111111 |
5  | 11100000000011111111011 |
6  | 11000011000000011110001 |
7  | 11000100111000001100010 |
8  | 01000100000100000000001 |
9  | 11000110001000000000010 |
10 | 00100001110000000000100 |
11 | 00011000000000000001000 |
12 | 00000100000000000001000 |
13 | 00000010001111000000100 |
14 | 00000001001000111000010 |
15 | 00001000110100000111110 |
16 | 00110110001000000000000 |
17 | 01000001000000000000000 |
18 | 01001100100000000000000 |
19 | 00110010100000000000000 |
20 | 00000001000000000000000 |
  +-------------------------+

